0 0.318033 0.617760 0.060195 0.137333
0 0.393619 0.616453 0.067713 0.147787
0 0.470223 0.622347 0.066360 0.128160
0 0.548543 0.627573 0.056081 0.141227
0 0.623780 0.622333 0.065662 0.159547
0 0.684310 0.622333 0.052664 0.133413
0 0.756820 0.615800 0.074561 0.133413
0 0.831374 0.620373 0.060879 0.134720
0 0.911743 0.634760 0.053361 0.129467
0 0.976381 0.632800 0.044449 0.109867
0 0.240063 0.619067 0.073877 0.155627
0 0.155244 0.607960 0.067029 0.143867
0 0.083082 0.597493 0.055397 0.128160
0 0.024937 0.597493 0.047197 0.141227
0 0.025621 0.451667 0.047197 0.119013
0 0.088898 0.464747 0.069763 0.118987
0 0.168577 0.461480 0.054031 0.112453
0 0.236639 0.464747 0.064296 0.118987
0 0.321792 0.451667 0.070446 0.142533
0 0.393619 0.458213 0.064979 0.139947
0 0.461674 0.463440 0.056095 0.113760
0 0.535544 0.470640 0.061548 0.125547
0 0.611464 0.464747 0.064296 0.134720
0 0.681234 0.475867 0.054714 0.125547
0 0.756137 0.485013 0.075927 0.115093
0 0.834107 0.485667 0.059512 0.108560
0 0.913452 0.494827 0.066346 0.139947
0 0.976722 0.497453 0.045132 0.119013
0 0.095460 0.242680 0.055411 0.136027
0 0.162831 0.226333 0.060195 0.137307
0 0.254833 0.252493 0.052678 0.126853
0 0.317420 0.244640 0.046499 0.111147
0 0.398131 0.257720 0.042399 0.124240
0 0.461402 0.260347 0.041715 0.145173
0 0.548264 0.253147 0.062245 0.133387
0 0.620432 0.253147 0.057462 0.141227
0 0.025690 0.240720 0.049930 0.139947
0 0.026011 0.087720 0.052022 0.129467
0 0.106409 0.101440 0.073180 0.143840
0 0.184386 0.105373 0.060879 0.151707
0 0.255516 0.095560 0.069079 0.132080
0 0.330411 0.108627 0.049247 0.134693
0 0.392999 0.103400 0.047197 0.126853
0 0.480209 0.100787 0.062929 0.129467
0 0.553054 0.098173 0.059498 0.121627
0 0.621799 0.102093 0.065662 0.111173
0 0.688110 0.108893 0.047824 0.103333
0 0.694233 0.255373 0.050614 0.121627
0 0.765028 0.111507 0.064979 0.086320
0 0.770153 0.263213 0.057462 0.136027
0 0.852232 0.276293 0.064296 0.151680
0 0.930900 0.267147 0.050614 0.120320
0 0.982887 0.274987 0.034226 0.125547
0 0.834798 0.118707 0.051297 0.116400
0 0.957887 0.125893 0.080070 0.109867
0 0.032880 0.833200 0.065063 0.123307
0 0.028550 0.956187 0.055816 0.082827
0 0.089861 0.955800 0.055816 0.088400
0 0.096653 0.832933 0.052050 0.126080
0 0.164707 0.955320 0.072566 0.088293
0 0.251367 0.960160 0.069568 0.079680
0 0.333821 0.960427 0.060558 0.073280
0 0.403982 0.963613 0.062971 0.072773
0 0.164407 0.828613 0.073166 0.119253
0 0.248968 0.833200 0.067169 0.149067
0 0.331123 0.841800 0.059958 0.152507
0 0.395286 0.839507 0.052775 0.138747
0 0.463654 0.840653 0.067169 0.136453
0 0.480049 0.957773 0.078563 0.084453
0 0.539756 0.851427 0.072455 0.151920
0 0.611220 0.855720 0.057476 0.152880
0 0.681688 0.846653 0.053473 0.130907
0 0.759393 0.871000 0.068968 0.152880
0 0.831611 0.862880 0.062469 0.148107
0 0.918068 0.871973 0.067462 0.149067
0 0.987392 0.861467 0.025216 0.112747
0 0.546255 0.963213 0.040488 0.073573
0 0.608975 0.967520 0.050976 0.064960
0 0.686018 0.958120 0.055969 0.083760
0 0.749317 0.977627 0.047978 0.044747
0 0.835523 0.975960 0.057462 0.048080
0 0.903821 0.965840 0.053975 0.063520
0 0.976039 0.965840 0.046471 0.063520
