0 0.318033 0.567794 0.060195 0.126225
0 0.393619 0.566593 0.067713 0.135833
0 0.470223 0.572010 0.066360 0.117794
0 0.548543 0.576814 0.056081 0.129804
0 0.623780 0.571998 0.065662 0.146642
0 0.684310 0.571998 0.052664 0.122623
0 0.756820 0.565993 0.074561 0.122623
0 0.831374 0.570196 0.060879 0.123824
0 0.911743 0.583419 0.053361 0.118995
0 0.976381 0.581618 0.044449 0.100980
0 0.240063 0.568995 0.073877 0.143039
0 0.155244 0.558787 0.067029 0.132230
0 0.083082 0.549167 0.055397 0.117794
0 0.024937 0.549167 0.047197 0.129804
0 0.025621 0.415135 0.047197 0.109387
0 0.088898 0.427157 0.069763 0.109363
0 0.168577 0.424154 0.054031 0.103358
0 0.236639 0.427157 0.064296 0.109363
0 0.321792 0.415135 0.070446 0.131005
0 0.393619 0.421152 0.064979 0.128627
0 0.461674 0.425956 0.056095 0.104559
0 0.535544 0.432574 0.061548 0.115392
0 0.611464 0.427157 0.064296 0.123824
0 0.681234 0.437377 0.054714 0.115392
0 0.756137 0.445784 0.075927 0.105784
0 0.834107 0.446385 0.059512 0.099779
0 0.913452 0.454804 0.066346 0.128627
0 0.976722 0.457218 0.045132 0.109387
0 0.095460 0.223051 0.055411 0.125025
0 0.162831 0.208027 0.060195 0.126201
0 0.254833 0.232071 0.052678 0.116593
0 0.317420 0.224853 0.046499 0.102157
0 0.398131 0.236875 0.042399 0.114191
0 0.461402 0.239289 0.041715 0.133431
0 0.548264 0.232672 0.062245 0.122598
0 0.620432 0.232672 0.057462 0.129804
0 0.025690 0.221250 0.049930 0.128627
0 0.026011 0.080625 0.052022 0.118995
0 0.106409 0.093235 0.073180 0.132206
0 0.184386 0.096850 0.060879 0.139436
0 0.255516 0.087831 0.069079 0.121397
0 0.330411 0.099841 0.049247 0.123799
0 0.392999 0.095037 0.047197 0.116593
0 0.480209 0.092635 0.062929 0.118995
0 0.553054 0.090233 0.059498 0.111789
0 0.621799 0.093836 0.065662 0.102181
0 0.688110 0.100086 0.047824 0.094975
0 0.694233 0.234718 0.050614 0.111789
0 0.765028 0.102488 0.064979 0.079338
0 0.770153 0.241924 0.057462 0.125025
0 0.852232 0.253946 0.064296 0.139412
0 0.930900 0.245539 0.050614 0.110588
0 0.982887 0.252745 0.034226 0.115392
0 0.834798 0.109105 0.051297 0.106985
0 0.957887 0.115711 0.080070 0.100980
0 0.032880 0.765809 0.065063 0.113333
0 0.028550 0.878848 0.055816 0.076127
0 0.089861 0.878493 0.055816 0.081250
0 0.096653 0.765564 0.052050 0.115882
0 0.164707 0.878051 0.072566 0.081152
0 0.251367 0.882500 0.069568 0.073235
0 0.333821 0.882745 0.060558 0.067353
0 0.403982 0.885674 0.062971 0.066887
0 0.164407 0.761593 0.073166 0.109608
0 0.248968 0.765809 0.067169 0.137010
0 0.331123 0.773713 0.059958 0.140172
0 0.395286 0.771605 0.052775 0.127525
0 0.463654 0.772659 0.067169 0.125417
0 0.480049 0.880306 0.078563 0.077623
0 0.539756 0.782561 0.072455 0.139632
0 0.611220 0.786507 0.057476 0.140515
0 0.681688 0.778174 0.053473 0.120319
0 0.759393 0.800551 0.068968 0.140515
0 0.831611 0.793088 0.062469 0.136127
0 0.918068 0.801446 0.067462 0.137010
0 0.987392 0.791789 0.025216 0.103627
0 0.546255 0.885306 0.040488 0.067623
0 0.608975 0.889265 0.050976 0.059706
0 0.686018 0.880625 0.055969 0.076985
0 0.755063 0.910564 0.059470 0.065147
0 0.836625 0.928039 0.072636 0.103725
0 0.906688 0.907941 0.059707 0.098824
0 0.971743 0.909167 0.055063 0.101275
