1 0.644602 0.383721 0.034659 0.051062
1 0.868939 0.298913 0.041288 0.058898
1 0.755587 0.082154 0.043750 0.064206
1 0.784091 0.561552 0.044697 0.059909
1 0.961364 0.238498 0.044318 0.047776
1 0.801326 0.297902 0.044318 0.057381
1 0.450568 0.623357 0.027652 0.037917
1 0.330587 0.182128 0.027841 0.033620
1 0.311837 0.018200 0.023295 0.034378
1 0.634659 0.216127 0.032576 0.046512
1 0.759470 0.781471 0.029924 0.037664
1 0.968845 0.710061 0.038826 0.051062
1 0.563258 0.217644 0.032197 0.049545
1 0.601326 0.752022 0.023485 0.030839
1 0.744602 0.574191 0.033523 0.050303
1 0.702652 0.396866 0.026136 0.035389
1 0.587689 0.218529 0.026894 0.044237
1 0.438163 0.507963 0.028598 0.027553
1 0.400568 0.124242 0.020076 0.028059
1 0.556534 0.314712 0.026705 0.042973
1 0.336080 0.456395 0.027083 0.031092
