1 0.429924 0.053716 0.020455 0.028564
1 0.529735 0.237614 0.020833 0.032356
1 0.562311 0.203868 0.021212 0.033620
1 0.526042 0.401542 0.022917 0.033620
1 0.558902 0.356168 0.023485 0.029828
1 0.478409 0.296006 0.021591 0.030334
1 0.687689 0.335313 0.022727 0.034631
1 0.428598 0.558266 0.018939 0.025531
1 0.690341 0.495071 0.021212 0.026542
1 0.592614 0.089105 0.026515 0.039687
1 0.429924 0.053716 0.020455 0.028564
1 0.529735 0.237614 0.020833 0.032356
1 0.562311 0.203868 0.021212 0.033620
1 0.526042 0.401542 0.022917 0.033620
1 0.558902 0.356168 0.023485 0.029828
1 0.478409 0.296006 0.021591 0.030334
1 0.687689 0.335313 0.022727 0.034631
1 0.428598 0.558266 0.018939 0.025531
1 0.690341 0.495071 0.021212 0.026542
1 0.592614 0.089105 0.026515 0.039687
