1 0.761553 0.154449 0.025758 0.037917
1 0.867519 0.058266 0.027841 0.038170
1 0.961932 0.455511 0.025379 0.030839
1 0.693655 0.242417 0.022538 0.032861
1 0.860038 0.279575 0.026515 0.037412
1 0.961932 0.257078 0.025758 0.044489
1 0.547538 0.110086 0.015530 0.024520
1 0.751515 0.356673 0.026515 0.037412
1 0.799242 0.289939 0.027273 0.037917
1 0.754545 0.037791 0.026136 0.034631
1 0.801326 0.107558 0.025379 0.041709
1 0.790983 0.461229 0.029545 0.039434
1 0.833617 0.644085 0.022159 0.028817
1 0.827652 0.451972 0.021970 0.038423
1 0.761553 0.154449 0.025758 0.037917
1 0.867519 0.058266 0.027841 0.038170
1 0.961932 0.455511 0.025379 0.030839
1 0.693655 0.242417 0.022538 0.032861
1 0.860038 0.279575 0.026515 0.037412
1 0.961932 0.257078 0.025758 0.044489
1 0.547538 0.110086 0.015530 0.024520
1 0.751515 0.356673 0.026515 0.037412
1 0.799242 0.289939 0.027273 0.037917
1 0.754545 0.037791 0.026136 0.034631
1 0.801326 0.107558 0.025379 0.041709
1 0.772085 0.474939 0.029545 0.039434
1 0.833617 0.644085 0.022159 0.028817
1 0.827652 0.451972 0.021970 0.038423
1 0.869253 0.484540 0.027631 0.038423
1 0.882314 0.484781 0.020686 0.038425
1 0.911172 0.567181 0.020686 0.038428
1 0.877472 0.541216 0.013201 0.020652
1 0.746607 0.578026 0.023983 0.033787
1 0.709799 0.567913 0.016121 0.018926
1 0.877736 0.830540 0.008506 0.010104
1 0.883187 0.830583 0.007907 0.011332
1 0.927527 0.777401 0.023544 0.037108
1 0.903272 0.747178 0.020540 0.026625
1 0.889911 0.703380 0.016428 0.011335
1 0.918539 0.706858 0.012316 0.015354
1 0.951856 0.703474 0.028598 0.031120
1 0.953109 0.575950 0.028820 0.036522
1 0.980201 0.606955 0.020318 0.037202
1 0.945994 0.521917 0.021345 0.027601
1 0.976415 0.512458 0.021261 0.030038
1 0.862116 0.325179 0.006754 0.008640
1 0.916179 0.231615 0.032036 0.031309
1 0.939609 0.228857 0.009835 0.012154
1 0.860562 0.127515 0.024369 0.033797
1 0.842175 0.074242 0.028945 0.030283
1 0.820568 0.018639 0.026477 0.037141
1 0.848572 0.010881 0.022220 0.021762
1 0.784949 0.083132 0.017337 0.025546
1 0.788069 0.129248 0.022362 0.031236
1 0.681983 0.012648 0.019936 0.025159
1 0.724902 0.015278 0.020839 0.030010
1 0.601023 0.143981 0.011705 0.016385
1 0.609092 0.156844 0.013407 0.019578
1 0.616862 0.175749 0.015367 0.021302
1 0.557435 0.211788 0.016040 0.019901
1 0.563373 0.229785 0.017761 0.023241
1 0.574202 0.194113 0.015195 0.023251
1 0.546459 0.237309 0.012195 0.028162
1 0.749401 0.643025 0.007907 0.011332
1 0.755107 0.645774 0.004521 0.007240
1 0.766009 0.651835 0.017640 0.023680
1 0.768875 0.614530 0.015205 0.020081
1 0.800677 0.521862 0.007907 0.011332
1 0.837356 0.566162 0.007905 0.011332
1 0.790598 0.363151 0.021608 0.026984
1 0.710242 0.269427 0.020841 0.026059
1 0.706313 0.311074 0.020593 0.030126
1 0.671465 0.303171 0.007907 0.011332
1 0.619355 0.393536 0.018790 0.026021
1 0.640276 0.398232 0.014752 0.017945
1 0.639731 0.365253 0.018189 0.017624
1 0.627331 0.325531 0.016095 0.023205
1 0.598313 0.314598 0.017428 0.020147
1 0.653012 0.233638 0.019241 0.025647
1 0.557792 0.078586 0.022523 0.022859
1 0.544410 0.052485 0.013377 0.018387
1 0.565059 0.040546 0.012042 0.014965
1 0.556873 0.032968 0.010117 0.015561
1 0.496837 0.524549 0.007905 0.011332
1 0.502827 0.515497 0.007907 0.011332
1 0.509433 0.510794 0.007907 0.011335
1 0.515511 0.487398 0.007905 0.011332
1 0.532423 0.475995 0.007907 0.011332
1 0.543786 0.476112 0.007905 0.011335
1 0.543434 0.485987 0.007905 0.011332
1 0.548895 0.501389 0.007907 0.011332
1 0.564486 0.509266 0.007907 0.011332
1 0.551185 0.526665 0.007907 0.011332
1 0.561315 0.529252 0.007907 0.011335
1 0.531461 0.418662 0.007907 0.011332
1 0.530901 0.410701 0.007907 0.011332
1 0.518921 0.410565 0.007907 0.011332
1 0.511684 0.397298 0.007905 0.011335
1 0.519738 0.426077 0.007907 0.011335
1 0.494607 0.389678 0.007907 0.011332
1 0.472734 0.410494 0.008119 0.008334
1 0.478809 0.404922 0.006367 0.009570
1 0.456937 0.362873 0.007907 0.011332
1 0.464073 0.365458 0.007907 0.011335
1 0.465973 0.303851 0.007907 0.011332
1 0.470664 0.313109 0.009847 0.013519
1 0.456697 0.303720 0.007197 0.010250
1 0.459114 0.316299 0.007341 0.008605
1 0.472130 0.276556 0.008695 0.013016
1 0.462924 0.287317 0.006803 0.007369
1 0.334223 0.359791 0.007905 0.011332
1 0.345087 0.342941 0.007905 0.011332
1 0.346849 0.336279 0.007907 0.011335
1 0.342738 0.393102 0.007907 0.011335
1 0.416195 0.434148 0.004466 0.006426
1 0.430412 0.446069 0.004934 0.006835
1 0.472220 0.545051 0.005182 0.008281
1 0.462045 0.544081 0.004205 0.006681
1 0.523419 0.622940 0.006004 0.010541
1 0.513496 0.614435 0.007905 0.011332
1 0.521227 0.612904 0.007905 0.011335
1 0.565254 0.661824 0.007905 0.011332
1 0.535065 0.665547 0.007907 0.011332
1 0.588255 0.690332 0.007907 0.011332
1 0.593423 0.680458 0.007907 0.011335
1 0.599795 0.672379 0.007907 0.011335
1 0.589423 0.673890 0.007907 0.011335
1 0.634973 0.629865 0.007907 0.011332
1 0.620931 0.633742 0.013100 0.016641
1 0.645249 0.627008 0.014388 0.022930
1 0.664947 0.584302 0.013780 0.012791
1 0.618304 0.596268 0.014453 0.019901
1 0.637605 0.540134 0.019411 0.024383
1 0.590688 0.542829 0.011580 0.015404
1 0.588280 0.603236 0.016470 0.014712
1 0.747138 0.396360 0.028413 0.030991
1 0.685797 0.339309 0.019239 0.026691
1 0.678394 0.408664 0.017947 0.022055
