1 0.401610 0.270475 0.043371 0.065217
1 0.051231 0.610465 0.048674 0.059151
1 0.317898 0.035516 0.056629 0.071031
1 0.249053 0.380688 0.044697 0.060667
1 0.085890 0.208291 0.047917 0.063701
1 0.233049 0.161400 0.040341 0.060920
1 0.289867 0.085440 0.037311 0.052578
1 0.255682 0.517568 0.033333 0.048787
1 0.752273 0.193504 0.032576 0.046764
1 0.513920 0.723079 0.033144 0.041203
1 0.683428 0.208038 0.046780 0.077351
1 0.463731 0.297649 0.029356 0.040698
1 0.506439 0.611350 0.035227 0.046764
1 0.269602 0.655839 0.034659 0.055865
1 0.457102 0.085566 0.032765 0.044237
1 0.898580 0.925303 0.028598 0.039181
