1 0.323201 0.618554 0.057008 0.078868
1 0.250284 0.041962 0.054735 0.083923
1 0.124621 0.176188 0.047348 0.070779
1 0.040625 0.119692 0.061932 0.093276
1 0.869318 0.060920 0.033333 0.042467
1 0.378409 0.106294 0.060606 0.088726
1 0.292992 0.319894 0.036364 0.046764
1 0.713731 0.444009 0.025568 0.031092
1 0.621686 0.257331 0.042235 0.061173
1 0.801894 0.706269 0.019318 0.020728
1 0.101042 0.526921 0.025189 0.030081
1 0.540436 0.377654 0.039962 0.053589
1 0.622727 0.049545 0.035606 0.051062
1 0.164299 0.357937 0.049811 0.069262
1 0.658144 0.689080 0.022348 0.033873
1 0.327746 0.436047 0.043371 0.061173
1 0.156155 0.368428 0.099811 0.112993
1 0.909470 0.851871 0.023864 0.034884
