1 0.832670 0.313195 0.028977 0.037917
1 0.181629 0.319388 0.037879 0.049292
1 0.055587 0.351365 0.032765 0.037917
1 0.635795 0.502149 0.028788 0.041709
1 0.987879 0.745071 0.024242 0.055359
1 0.859091 0.588852 0.044697 0.062437
1 0.134659 0.406471 0.026894 0.038423
1 0.200379 0.354525 0.035227 0.044742
1 0.135985 0.559024 0.030682 0.036653
1 0.024527 0.209176 0.025947 0.038170
1 0.049148 0.536274 0.034659 0.046764
1 0.136932 0.295501 0.030682 0.041456
1 0.642330 0.642063 0.022538 0.034378
1 0.925379 0.047649 0.032576 0.047270
1 0.109564 0.123357 0.028220 0.038423
1 0.832386 0.082154 0.031439 0.046006
1 0.085890 0.524646 0.036174 0.045248
1 0.820455 0.180612 0.019697 0.030586
1 0.138920 0.100859 0.032386 0.040445
1 0.569792 0.671259 0.020265 0.040192
1 0.026989 0.164307 0.025568 0.039434
1 0.791951 0.351239 0.029735 0.025531
1 0.208523 0.254044 0.022727 0.032356
1 0.381439 0.409505 0.021591 0.021739
