1 0.211080 0.564965 0.043371 0.054601
1 0.039678 0.088347 0.035417 0.049292
1 0.728883 0.078236 0.031629 0.043225
1 0.564489 0.651921 0.023674 0.031850
1 0.445455 0.071031 0.042424 0.063195
1 0.863826 0.839105 0.025000 0.035642
1 0.109186 0.390293 0.052462 0.062184
1 0.499905 0.280839 0.033902 0.053084
1 0.348106 0.168731 0.036364 0.048787
1 0.410511 0.112614 0.030871 0.041709
1 0.611269 0.736855 0.024432 0.038928
1 0.722348 0.248989 0.029167 0.040950
1 0.367898 0.364257 0.037689 0.052073
1 0.184280 0.148761 0.023485 0.034631
1 0.032860 0.231926 0.039205 0.049798
1 0.094697 0.263777 0.036742 0.050809
