1 0.607955 0.236097 0.042045 0.061678
1 0.532670 0.227882 0.043750 0.061931
1 0.402178 0.335313 0.037311 0.054853
1 0.317140 0.155713 0.033523 0.053589
1 0.519981 0.742164 0.029356 0.038928
1 0.761742 0.697927 0.043182 0.057634
1 0.480777 0.518327 0.041856 0.054853
1 0.091951 0.123483 0.024053 0.035137
1 0.460511 0.348079 0.025947 0.037412
1 0.208617 0.599090 0.030871 0.041962
1 0.933049 0.474343 0.028220 0.036148
1 0.487027 0.015925 0.044508 0.031850
1 0.697633 0.180106 0.045644 0.055865
1 0.514489 0.501769 0.042235 0.059656
1 0.320549 0.267189 0.028220 0.045501
1 0.714205 0.656471 0.037121 0.053589
1 0.383239 0.730030 0.023295 0.032356
1 0.697443 0.490142 0.030114 0.038423
1 0.161553 0.658620 0.020455 0.028059
1 0.345928 0.159884 0.027083 0.048281
1 0.866667 0.202604 0.015530 0.020981
1 0.260606 0.404070 0.022727 0.032103
1 0.223864 0.159252 0.025758 0.032356
1 0.968466 0.505308 0.020644 0.034884
