1 0.672822 0.338600 0.030114 0.044237
1 0.836174 0.162412 0.034091 0.051314
1 0.706345 0.386122 0.028598 0.040192
1 0.904356 0.325581 0.037121 0.051062
1 0.738542 0.219034 0.032008 0.040698
1 0.736364 0.147624 0.032197 0.041456
1 0.975189 0.177073 0.028788 0.032609
1 0.922822 0.459555 0.054356 0.057634
1 0.516572 0.045374 0.019508 0.036148
1 0.593371 0.399014 0.023485 0.032103
1 0.672822 0.338600 0.030114 0.044237
1 0.836174 0.162412 0.034091 0.051314
1 0.706345 0.386122 0.028598 0.040192
1 0.904356 0.325581 0.037121 0.051062
1 0.738542 0.219034 0.032008 0.040698
1 0.736364 0.147624 0.032197 0.041456
1 0.975189 0.177073 0.028788 0.032609
1 0.922822 0.459555 0.054356 0.057634
1 0.516572 0.045374 0.019508 0.036148
1 0.593371 0.399014 0.023485 0.032103
1 0.672822 0.338600 0.030114 0.044237
1 0.836174 0.162412 0.034091 0.051314
1 0.706345 0.386122 0.028598 0.040192
1 0.904356 0.325581 0.037121 0.051062
1 0.738542 0.219034 0.032008 0.040698
1 0.736364 0.147624 0.032197 0.041456
1 0.975189 0.177073 0.028788 0.032609
1 0.922822 0.459555 0.054356 0.057634
1 0.516572 0.045374 0.019508 0.036148
1 0.593371 0.399014 0.023485 0.032103
1 0.672822 0.338600 0.030114 0.044237
1 0.836174 0.162412 0.034091 0.051314
1 0.706345 0.386122 0.028598 0.040192
1 0.904356 0.325581 0.037121 0.051062
1 0.738542 0.219034 0.032008 0.040698
1 0.736364 0.147624 0.032197 0.041456
1 0.975189 0.177073 0.028788 0.032609
1 0.922822 0.459555 0.054356 0.057634
1 0.516572 0.045374 0.019508 0.036148
1 0.593371 0.399014 0.023485 0.032103
