1 0.578883 0.950076 0.027462 0.039181
1 0.322159 0.211577 0.023864 0.035389
1 0.351610 0.342770 0.025568 0.033367
1 0.299621 0.389914 0.025000 0.033620
1 0.245644 0.273256 0.022727 0.032861
1 0.418182 0.144843 0.023485 0.035895
1 0.934564 0.146613 0.013447 0.020222
1 0.477462 0.493049 0.021212 0.027553
1 0.402083 0.341254 0.021970 0.033367
1 0.484091 0.331269 0.020455 0.032609
1 0.086364 0.088473 0.019318 0.027300
1 0.942330 0.594287 0.023295 0.023256
1 0.773201 0.578868 0.019508 0.027300
1 0.372917 0.655966 0.018182 0.026795
1 0.361648 0.180359 0.022538 0.035137
1 0.179072 0.563448 0.022159 0.029323
