1 0.258144 0.084808 0.032955 0.046764
1 0.262879 0.394590 0.025379 0.035895
1 0.831439 0.536780 0.028788 0.045248
1 0.379072 0.364510 0.033144 0.044995
1 0.338542 0.341507 0.028220 0.036400
1 0.259470 0.564585 0.031818 0.041203
1 0.291288 0.552958 0.029924 0.037664
1 0.308902 0.179348 0.027652 0.034125
1 0.234186 0.263524 0.023674 0.038675
1 0.336080 0.584555 0.027462 0.033114
1 0.236742 0.220930 0.026515 0.038423
1 0.333144 0.437310 0.024242 0.033367
1 0.916193 0.714611 0.035417 0.030334
1 0.288163 0.183771 0.019129 0.034378
