1 0.450189 0.185415 0.029167 0.044237
1 0.394508 0.403311 0.028409 0.040698
1 0.604167 0.306623 0.031439 0.035895
1 0.652178 0.682634 0.025947 0.044742
1 0.482860 0.347068 0.032386 0.042467
1 0.540057 0.347573 0.028220 0.039939
1 0.139678 0.206522 0.020644 0.031850
1 0.484091 0.719287 0.022727 0.029575
1 0.505871 0.146107 0.031818 0.045501
1 0.329356 0.262133 0.025758 0.038423
1 0.125758 0.054727 0.021591 0.029070
1 0.469697 0.541456 0.032576 0.042973
1 0.241477 0.604904 0.024242 0.033873
1 0.615625 0.528438 0.023295 0.031598
1 0.835322 0.509100 0.021023 0.030334
