0 0.318033 0.572000 0.060195 0.127160
0 0.393619 0.570790 0.067713 0.136840
0 0.470223 0.576247 0.066360 0.118667
0 0.548543 0.581086 0.056081 0.130765
0 0.623780 0.576235 0.065662 0.147728
0 0.684310 0.576235 0.052664 0.123531
0 0.756820 0.570185 0.074561 0.123531
0 0.831374 0.574420 0.060879 0.124741
0 0.911743 0.587741 0.053361 0.119877
0 0.976381 0.585926 0.044449 0.101728
0 0.240063 0.573210 0.073877 0.144099
0 0.155244 0.562926 0.067029 0.133210
0 0.083082 0.553235 0.055397 0.118667
0 0.024937 0.553235 0.047197 0.130765
0 0.025621 0.418210 0.047197 0.110198
0 0.088898 0.430321 0.069763 0.110173
0 0.168577 0.427296 0.054031 0.104123
0 0.236639 0.430321 0.064296 0.110173
0 0.321792 0.418210 0.070446 0.131975
0 0.393619 0.424272 0.064979 0.129580
0 0.461674 0.429111 0.056095 0.105333
0 0.535544 0.435778 0.061548 0.116247
0 0.611464 0.430321 0.064296 0.124741
0 0.681234 0.440617 0.054714 0.116247
0 0.756137 0.449086 0.075927 0.106568
0 0.834107 0.449691 0.059512 0.100519
0 0.913452 0.458173 0.066346 0.129580
0 0.976722 0.460605 0.045132 0.110198
0 0.095460 0.224704 0.055411 0.125951
0 0.162831 0.209568 0.060195 0.127136
0 0.254833 0.233790 0.052678 0.117457
0 0.317420 0.226519 0.046499 0.102914
0 0.398131 0.238630 0.042399 0.115037
0 0.461402 0.241062 0.041715 0.134420
0 0.548264 0.234395 0.062245 0.123506
0 0.620432 0.234395 0.057462 0.130765
0 0.025690 0.222889 0.049930 0.129580
0 0.026011 0.081222 0.052022 0.119877
0 0.106409 0.093926 0.073180 0.133185
0 0.184386 0.097568 0.060879 0.140469
0 0.255516 0.088481 0.069079 0.122296
0 0.330411 0.100580 0.049247 0.124716
0 0.392999 0.095741 0.047197 0.117457
0 0.480209 0.093321 0.062929 0.119877
0 0.553054 0.090901 0.059498 0.112617
0 0.621799 0.094531 0.065662 0.102938
0 0.688110 0.100827 0.047824 0.095679
0 0.694233 0.236457 0.050614 0.112617
0 0.765028 0.103247 0.064979 0.079926
0 0.770153 0.243716 0.057462 0.125951
0 0.852232 0.255827 0.064296 0.140444
0 0.930900 0.247358 0.050614 0.111407
0 0.982887 0.254617 0.034226 0.116247
0 0.834798 0.109914 0.051297 0.107778
0 0.957887 0.116568 0.080070 0.101728
0 0.032880 0.771481 0.065063 0.114173
0 0.028550 0.900000 0.055816 0.105975
0 0.089861 0.911778 0.055816 0.133630
0 0.096653 0.771235 0.052050 0.116741
0 0.164707 0.905778 0.072566 0.124198
0 0.251367 0.914802 0.069568 0.125259
0 0.333821 0.910025 0.060558 0.109333
0 0.403982 0.919580 0.062971 0.122074
0 0.164407 0.767235 0.073166 0.110420
0 0.248968 0.771481 0.067169 0.138025
0 0.331123 0.779444 0.059958 0.141210
0 0.395286 0.777321 0.052775 0.128469
0 0.463654 0.778383 0.067169 0.126346
0 0.482545 0.914802 0.078563 0.114642
0 0.539756 0.788358 0.072455 0.140667
0 0.611220 0.792333 0.057476 0.141556
0 0.681688 0.783938 0.053473 0.121210
0 0.759393 0.806481 0.068968 0.141556
0 0.831611 0.798963 0.062469 0.137136
0 0.918068 0.807383 0.067462 0.138025
0 0.987392 0.797654 0.025216 0.104395
0 0.546255 0.916642 0.040488 0.101728
0 0.607469 0.928136 0.050976 0.108815
0 0.686437 0.907790 0.055969 0.107037
0 0.766388 0.942296 0.047978 0.105284
0 0.827608 0.931679 0.057476 0.094667
0 0.903821 0.928593 0.053975 0.127407
0 0.976039 0.930802 0.046471 0.131827
