0 0.409294 0.315564 0.184561 0.199161
0 0.409687 0.518918 0.185347 0.199161
0 0.401833 0.728563 0.169640 0.203354
0 0.408901 0.917765 0.172782 0.162472
0 0.206936 0.120940 0.168288 0.201041
0 0.185883 0.316140 0.132205 0.145005
0 0.181841 0.461963 0.128879 0.126726
0 0.198148 0.583775 0.122042 0.103557
0 0.062298 0.506896 0.094949 0.121112
0 0.056100 0.343118 0.098170 0.151408
0 0.055975 0.117492 0.111951 0.234985
0 0.405059 0.108180 0.182496 0.190212
0 0.589532 0.102959 0.149042 0.181039
0 0.586708 0.313991 0.137439 0.192872
0 0.583960 0.513678 0.150792 0.170859
0 0.586316 0.733279 0.163356 0.207548
0 0.215229 0.745334 0.162572 0.183438
0 0.060904 0.659379 0.108381 0.126833
0 0.066795 0.872692 0.120161 0.218028
0 0.212873 0.927960 0.151576 0.144080
0 0.583567 0.925102 0.162570 0.144654
0 0.762913 0.497575 0.140136 0.153673
0 0.762263 0.316557 0.158129 0.188124
0 0.759593 0.102495 0.153352 0.192381
0 0.912244 0.100785 0.132708 0.175326
0 0.927152 0.320203 0.120763 0.194002
0 0.924009 0.523927 0.134468 0.150685
0 0.771782 0.719904 0.139542 0.175238
0 0.914177 0.717788 0.127491 0.186244
0 0.927180 0.906994 0.129394 0.160000
0 0.770831 0.905301 0.168083 0.156613
